image_width: 960
image_height: 720
camera_name: narrow_stereo/left
camera_matrix:
  rows: 3
  cols: 3
  data: [749.208579, 0.000000, 480.327066, 0.000000, 748.152076, 353.095303, 0.000000, 0.000000, 1.000000]
distortion_model: plumb_bob
distortion_coefficients:
  rows: 1
  cols: 5
  data: [0.290681, 0.556575, 0.004366, -0.004400, 0.000000]
rectification_matrix:
  rows: 3
  cols: 3
  data: [0.999496, -0.024645, 0.019995, 0.024608, 0.999695, 0.002085, -0.020041, -0.001592, 0.999798]
projection_matrix:
  rows: 3
  cols: 4
  data: [960.879657, 0.000000, 461.361401, 0.000000, 0.000000, 960.879657, 357.655228, 0.000000, 0.000000, 0.000000, 1.000000, 0.000000]
