image_width: 960
image_height: 720
camera_name: narrow_stereo/right
camera_matrix:
  rows: 3
  cols: 3
  data: [740.527011, 0.000000, 475.511662, 0.000000, 738.588490, 357.469834, 0.000000, 0.000000, 1.000000]
distortion_model: plumb_bob
distortion_coefficients:
  rows: 1
  cols: 5
  data: [0.295112, 0.569350, 0.000602, -0.002339, 0.000000]
rectification_matrix:
  rows: 3
  cols: 3
  data: [0.999891, -0.004764, 0.013945, 0.004790, 0.999987, -0.001805, -0.013936, 0.001872, 0.999901]
projection_matrix:
  rows: 3
  cols: 4
  data: [960.879657, 0.000000, 461.361401, -138.608549, 0.000000, 960.879657, 357.655228, 0.000000, 0.000000, 0.000000, 1.000000, 0.000000]
