image_width: 1920
image_height: 1440
camera_name: narrow_stereo/left
camera_matrix:
  rows: 3
  cols: 3
  data: [1482.5716 ,    0.     ,  969.94192,
            0.     , 1476.88481,  669.95646,
            0.     ,    0.     ,    1.     ]
distortion_model: plumb_bob
distortion_coefficients:
  rows: 1
  cols: 5
  data: [0.277065, 0.618462, -0.009376, 0.000398, 0.000000]
rectification_matrix:
  rows: 3
  cols: 3
  data: [ 0.99902648, -0.02922967,  0.03304115,
          0.02933163,  0.99956634, -0.00260536,
         -0.03295066,  0.00357197,  0.9994506 ]
projection_matrix:
  rows: 3
  cols: 4
  data: [1934.70977,    0.     ,  908.9695 ,    0.     ,
            0.     , 1934.70977,  691.08787,    0.     ,
            0.     ,    0.     ,    1.     ,    0.     ]
