image_width: 960
image_height: 720
camera_name: narrow_stereo/right
camera_matrix:
  rows: 3
  cols: 3
  data: [751.14629,   0.     , 477.00045,
           0.     , 749.55523, 362.32321,
           0.     ,   0.     ,   1.     ]
distortion_model: plumb_bob
distortion_coefficients:
  rows: 1
  cols: 5
  data: [0.304956, 0.675741, 0.005323, -0.001447, 0.000000]
rectification_matrix:
  rows: 3
  cols: 3
  data: [ 0.99995729, -0.0024877 ,  0.00890159,
          0.00246047,  0.99999226,  0.00306899,
         -0.00890915, -0.00304696,  0.99995567]
projection_matrix:
  rows: 3
  cols: 4
  data: [ 982.52917,    0.     ,  467.00597, -141.79998,
            0.     ,  982.52917,  357.87978,    0.     ,
            0.     ,    0.     ,    1.     ,    0.     ]
