image_width: 1920
image_height: 1440
camera_name: narrow_stereo/left
camera_matrix:
  rows: 3
  cols: 3
  data: [1505.54209,    0.     ,  959.08988,
            0.     , 1504.44042,  697.49063,
            0.     ,    0.     ,    1.     ]
camera_model: plumb_bob
distortion_coefficients:
  rows: 1
  cols: 5
  data: [0.318175, 0.648228, 0.003830, -0.003722, 0.000000]
rectification_matrix:
  rows: 3
  cols: 3
  data: [ 0.99938648, -0.03211526,  0.01397408,
          0.03216485,  0.999477  , -0.00333839,
         -0.01385956,  0.00378582,  0.99989678]
projection_matrix:
  rows: 3
  cols: 4
  data: [1984.29066,    0.     ,  932.28101,    0.     ,
            0.     , 1984.29066,  719.11958,    0.     ,
            0.     ,    0.     ,    1.     ,    0.     ]
