image_width: 1920
image_height: 1440
camera_name: narrow_stereo/right
camera_matrix:
  rows: 3
  cols: 3
  data: [1491.96236,    0.     ,  948.35196,
            0.     , 1487.22648,  715.66207,
            0.     ,    0.     ,    1.     ]
distortion_model: plumb_bob
distortion_coefficients:
  rows: 1
  cols: 5
  data: [0.282277, 0.722192, 0.000699, -0.003884, 0.000000]
rectification_matrix:
  rows: 3
  cols: 3
  data: [ 0.99979195, -0.00380555, -0.02003917,
          0.00375343,  0.99998948, -0.0026381 ,
          0.020049  ,  0.00256234,  0.99979572]
projection_matrix:
  rows: 3
  cols: 4
  data: [1972.35992,    0.     ,  981.65608, -285.90281,
            0.     , 1972.35992,  714.4837 ,    0.     ,
            0.     ,    0.     ,    1.     ,    0.     ]
