image_width: 1920
image_height: 1440
camera_name: narrow_stereo/right
camera_matrix:
  rows: 3
  cols: 3
  data: [1451.31929,    0.     ,  955.87727,
            0.     , 1444.2923 ,  718.95238,
            0.     ,    0.     ,    1.     ]
distortion_model: plumb_bob
distortion_coefficients:
  rows: 1
  cols: 5
  data: [0.272962, 0.602773, 0.002467, -0.004269, 0.000000]
rectification_matrix:
  rows: 3
  cols: 3
  data: [ 0.99895656, -0.00506301,  0.04538895,
          0.00501763,  0.99998679,  0.00111371,
         -0.04539399, -0.0008848 ,  0.99896877]
projection_matrix:
  rows: 3
  cols: 4
  data: [1928.19574,    0.     ,  863.24725, -280.31237,
            0.     , 1928.19574,  711.51696,    0.     ,
            0.     ,    0.     ,    1.     ,    0.     ]
