image_width: 1920
image_height: 1440
camera_name: narrow_stereo/right
camera_matrix:
  rows: 3
  cols: 3
  data: [1461.70721,    0.     ,  949.93784,
            0.     , 1457.21665,  698.28575,
            0.     ,    0.     ,    1.     ]
distortion_model: plumb_bob
distortion_coefficients:
  rows: 1
  cols: 5
  data: [0.298331, 0.616328, -0.004713, 0.000200, 0.000000]
rectification_matrix:
  rows: 3
  cols: 3
  data: [ 0.99972457, -0.00351515,  0.02320409,
          0.00344344,  0.99998917,  0.00312958,
         -0.02321484, -0.00304882,  0.99972585]
projection_matrix:
  rows: 3
  cols: 4
  data: [1934.70977,    0.     ,  908.9695 , -277.76723,
            0.     , 1934.70977,  691.08787,    0.     ,
            0.     ,    0.     ,    1.     ,    0.     ]
